[MainScene]
position=320.7414|15.28614|318.6321
rotation=-2.208722E-11|0.782767|2.778167E-11|0.6223149
camPosition=0.7726085|0.8949962|-1.095984
[Gold]
position=155.6186|9.867585|214.7904
rotation=-9.769963E-14|-0.08431307|-8.704149E-14|0.9964393
camPosition=0.7733818|0.8953189|-1.09672
[BackRock]
position=93.56859|0.03499953|120.9812
rotation=1.983444E-13|0.0874308|-2.61258E-13|0.9961706
camPosition=0.7730103|0.895|-1.095993
[BigMine]
position=391.4637|42.20259|283.84
rotation=2.964073E-12|0.07780913|9.005835E-12|0.9969683
camPosition=0.7733269|0.8950543|-1.096096
