[MainScene]
position=93.68549|0.03585158|121.7184
rotation=1.136868E-13|0.03321977|7.105427E-14|0.9994481
camRotation=-0.0001221526|0.222501|2.783449E-05|0.9749325
