[MainScene]
position=322.0357|15.22341|319.3826
rotation=3.460903E-14|0.6957537|-3.352329E-14|0.7182805
camPosition=0.7729973|0.8950556|-1.095926
camRotation=0.1148629|0|0|0.9933814
