[MainScene]
position=335.8075|15.26745|279.6008
rotation=8.345324E-12|0.5357829|-1.701093E-12|0.8443558
camRotation=8.345324E-12|0.5357829|-1.701093E-12|0.8443558
