[MainScene]
position=320.9794|15.0933|371.6729
rotation=-5.830536E-11|-0.5195653|4.413946E-11|0.8544309
camPosition=0.7736115|0.8949542|-1.095937
[Gold]
position=156.1871|9.816075|213.7987
rotation=-8.881784E-16|-0.1798178|0|0.9836999
camPosition=0.7735482|0.8952582|-1.096703
[BackRock]
position=93.44297|0.03499991|121.2721
rotation=0|-0.2175141|-1.776357E-15|0.9760572
camPosition=0.7730103|0.895|-1.095993
[BigMine]
position=391.4637|42.20259|283.84
rotation=2.964073E-12|0.07780913|9.005835E-12|0.9969683
camPosition=0.7733269|0.8950543|-1.096096
