[MainScene]
position=96.45317|0.03499997|111.4918
rotation=-2.023763E-13|0.9204088|7.823317E-13|0.3909576
camRotation=-0.000851568|-0.9206728|0.002008599|-0.3903294
