[MainScene]
position=357.2551|15.80876|290.1798
rotation=-0.01500813|0.579809|-0.02107891|0.8143414
camRotation=-0.04494881|0.6074006|0.03450818|0.7923719
