[MainScene]
position=137.1319|10.87875|204.7926
rotation=0.0017218|0.9977033|-0.02782714|0.06173271
