[MainScene]
position=352.0591|16.1384|268.9944
rotation=-1.153154E-09|0.8484352|1.84717E-09|0.5292993
camRotation=-0.07956625|0.7365368|0.08800492|0.6659114
