[MainScene]
position=350.5229|16.63098|268.0704
rotation=-0.05261155|0.6700172|0.0477043|0.7389407
